RDA2
A
2
197376
131840
1026
1
262153
12
.Random.seed
13
626
403
388
111961880
1960308314
-1013864567
-1525543839
1479843829
1127074988
221944020
-282593913
1207079616
-148557921
-180293211
1902655169
-345532176
-1670424866
1596880127
1482644436
-1122360497
933169861
611210852
219373365
-1327077729
861224019
1865944459
-1208158004
2084518335
1435649653
-1239883421
1995234831
-1806752092
-1827727306
162879379
535744862
-1098460033
1088888890
578264723
39662066
1723358799
1819592482
-168984602
-1008710987
-85665887
-1870069139
49613813
1304938557
-1757795132
-1302620650
366610535
-896514824
-733112924
-1641997162
1536227958
1926333764
553695069
1647182935
1922820403
337258196
288388720
-1921690706
-23531538
425103562
-1290241336
-1015891664
1780122245
1954384540
1853516440
-1765002166
1401228689
-810074251
914994019
1057607864
-1058280361
221698048
1899125365
1803863405
-1256693717
-114942866
-2004286637
-1999142708
669136581
1990161742
1351919620
-1531999213
1290976423
1955250221
-557755548
470525757
545206627
1190983833
2108249265
-399310973
-1778770705
1841537828
959811728
542073468
1237222773
311148971
-1617021956
-495213382
713488716
1379241819
-994886043
1350026202
248796913
145678409
1894202169
-265190408
-2132509188
2035140495
398865838
-809459055
-588414339
-499935114
-2024841485
-84928504
-1205779915
566756092
992945687
-1934361473
-331824006
1995930246
-2047048883
861119912
616889243
481141010
1820157566
-880081187
-1985592461
255632984
1757429532
1327222569
1049628551
1641348345
787555154
-115571685
850857226
-1344426591
121807274
206136391
317504564
2024474559
1660810719
2103901002
-623565271
205705856
653945983
434458502
851069548
-196913561
-1414373322
-1150508142
1521884510
-1682746234
1678407893
-653328052
-1716943259
364108816
782876648
-674953611
-1164984469
1034862955
2234665
1349561749
-26567956
-342919271
-1589866549
377340019
-1735244038
554365075
-725904484
1054972707
112812701
1379868073
1004573940
377431845
1207358160
709160347
-1771395101
-404694131
-113297789
965143161
1697299685
-1796706875
121696086
999140385
768399010
879060793
-1426545520
-1089899641
-1778600920
581407612
1805541288
883486629
113927933
841867276
720433049
-239635568
185792324
792258064
-377503132
1992541369
-2008990464
173423694
526808130
-766885382
-576732010
-655100609
938395500
1590066446
-780998682
-880339744
-36611453
-868818794
-603413260
-1953364832
-1097982951
1132337429
-712587740
-1272550289
445061558
-1336099567
-216911780
554249386
-864952724
-378306666
2130114836
-1305327789
1719510092
380702982
722721448
-134509641
678457117
-16339040
1295293750
717989529
-1329560121
-2050446684
-1638655009
-554556306
1693674872
-13030510
-1459575684
-1507548803
95812726
-1585620997
5325333
-1957671329
-2146314793
315947884
-1257278995
-587457083
1465961588
1956138881
231027367
-277841159
-1074617819
440126170
166036107
972311547
222478088
-843601519
1443148690
-1547210440
-192513795
-1918714001
-1347072893
1304869548
19785909
-853991092
-251354076
-573376783
1941578043
-1748903765
476547417
-1519976832
1806487337
-1638099172
1619547886
1855955230
-1007027580
1503495651
204893645
-104835222
-2056585899
-1978711523
-1217244350
-1163149473
-489065030
-141388764
1732673808
1228756101
-625454355
-943278588
-1284551382
174388201
-1596055978
2068865537
1948058302
2108978811
-1313276727
-218207937
-1253583607
188986594
-1311636993
-1892153691
-1841816990
-1797469987
1882206374
-130080553
2114063933
172193635
-373304158
-1069672953
-396029433
1573380322
2092913441
-1157288776
1893167757
1317280196
-1620397309
1550087503
-492490861
-1342543254
587167190
515516322
459771538
-2051685431
-1977933085
-1129858281
1767850232
546371371
-676361472
545615363
-78942873
397479242
-1864210790
-782380254
-1567603239
322078778
-854191801
-858055766
1804800192
-1551459215
-990938144
-1204774364
-1430954506
-199294711
1202414469
-1770479829
900783870
-448107820
-1160140994
224245666
930163089
-2117223535
-475115312
-535250314
-1975944738
-1273846369
1209461235
1501431528
1904025198
-1187035401
-1502203598
487384310
-1937042058
-1242041132
145184421
-1124164330
-2059412853
1926327844
-805048253
1210362011
803156266
-1983790227
-1595930188
-1298707309
-511930846
329729324
-127827286
1165527227
-1503476527
-734089265
-1673316244
1336681963
-1191041370
-969968727
687127601
601520348
-399033261
1029397958
-815069068
1322035138
-1467148307
569207654
1014740046
474343970
-810103284
-830526530
-1051691381
-1053968009
74748354
-483720539
383976127
604666635
-419112832
-1543864545
-1003076535
-1169651003
230912179
207906807
775611265
-1005626
730261838
-24689804
1720260552
1601107324
-276472209
-1817189387
-646971398
-664156502
780114186
-1919541027
-990503450
-643720286
-2078651741
-2044953724
-928946610
-592350959
-464245850
1879230739
-1538490104
-1678870545
85487176
-1652603902
1006138954
-101320359
-1121059514
-1599735389
-1507046109
-2037195119
-1835222563
1936528040
1414597375
815144201
1887322489
-638127653
479916382
-1866172722
1129579898
1674322361
705536982
1366396940
-1661418135
724852201
-1225933464
-1212962570
1752400882
451181788
443742056
-582074687
1550994241
-1995529194
874031011
-1046843763
-1342081991
1985603340
-107733627
-627902258
-1391614966
-1963388766
-1158915186
-812074822
-92370200
1009237279
183825386
-1730845551
-1099382407
1298776898
276139614
4100274
-421632007
-405301904
-637831322
-1546142688
-1520029678
-2012353748
-666955747
-1424774872
2126269034
421624948
1637885730
-331744778
33988295
2087935775
865637821
-439909021
-1220625264
1617377312
-1787943743
-1737699892
1201435480
1699337889
-605438200
50056166
333822941
812776569
415893837
-225619616
-855969024
764780288
800044478
-816189141
-687664899
-1963312592
469322493
-608509577
1669359709
814025803
-474473719
-1792966537
620992396
2056975977
-1195159630
-1753005115
-216110313
759515799
891831915
1066137834
1206815627
906023105
-1347983753
-740949776
-227026497
-754004056
547628961
-1927155292
1356914346
-1894630994
790790347
-1217521280
-1676888480
699239942
601716190
477590805
961828530
-913597303
-1171935931
-647443536
-372856126
-251262550
627555320
-1946476142
-383323850
1493698205
1558605005
620867065
-71420142
1353203125
732902828
551497345
1773483477
-730668942
-653516256
1077927769
-614485944
-2082411834
1126973620
-366092164
-1094044962
216306350
1766862768
291382923
1093222082
-1795956839
1817196114
1503825051
253156888
431515784
349079894
-399119470
-207601867
-1699570272
379165015
-574192988
-1563518446
-1903341356
-505464160
-1334189612
1434771894
-1170613400
767697937
1590875668
1568505318
1287319944
-694946869
-1606207357
55583803
-1757201565
-1502729605
1242954721
1170917222
-2110224197
-1142856384
-1261082811
-1986352680
1864570923
1008859469
39138517
1829531790
-1118317443
750393396
538535332
1533721012
-260719146
-887437871
-697976926
1592958110
-114225691
2003925561
-2064313521
1261996637
-506320650
-1119871355
-857670272
1026
1
262153
4
x1_t
526
120
1.269015243044088
2.572274668241901
2.412290649895162
1.923818010367046
1.968382666918472
1.996216591638204
2.45715795948176
2.290797528388619
2.630836601920198
1.365005424448052
1.282408323089145
1.91672370385805
2.275017550966123
2.71650385324862
2.208010625897181
2.220815037141819
1.692701606782201
2.025662778792468
2.489236269538313
2.564150349075129
1.930272533513692
2.551067291364685
1.21128720797851
1.975417586983543
1.306818651800575
1.630658082045714
2.21552106405037
1.79018986047786
2.415761976307957
1.82302209942583
3.871927972830628
4.247178847033624
3.520945116759518
4.42654837762813
3.706091821094137
4.061312227012943
3.597519170777701
4.201593010554001
3.761594414559952
4.41271898615408
3.814787700783813
3.480700424389432
4.534611846394792
4.216183693328091
4.174202473196433
3.845639061213718
3.503869680723249
4.138672490424039
4.082677003042799
3.937624653109931
4.078547423153083
3.70700088318049
4.311031015188146
3.843020104858668
4.022779711243455
4.66658711146355
3.648461694055525
4.761987730105376
4.08422333539143
4.076677879812391
2.056890349057705
2.203523185409128
2.116822509074654
2.185374608889949
1.577186685878249
1.479419773482302
2.305810349951281
1.968232732134411
2.047477700442009
1.463072281602237
2.637219753683706
2.004974705224749
2.128400437878678
2.087687404973408
1.764300888430433
0.9562348197063033
1.98002512571663
2.024120642931896
2.002718222283699
1.723820706117497
2.435354234357245
1.995931442308842
1.508673589552195
1.385432481532697
2.835134942392995
1.966678973363086
2.021986258867227
1.64707909078394
1.603892253847176
2.237614985311311
4.186773669491354
3.917896442183492
4.485572967874041
3.649427746215937
4.635702875536096
4.349266261745623
3.450376898674621
4.324440468696662
4.290747705645091
4.195861774537802
4.838847257495507
4.541405554163045
4.288921618520557
4.005146474115183
4.154685792027671
3.828513477257674
3.714759458966973
3.153163806792991
3.648499658785094
4.067312184033328
4.578424703853705
4.755909837484881
3.810449988588594
4.182800440476486
4.037757011616852
3.801425860904409
4.230307906348688
4.371965887793519
3.978306378272891
3.605322019146638
1026
1
262153
3
dim
13
2
60
2
254
1026
1
262153
5
xc1_t
526
60
1.269015243044088
2.572274668241901
2.412290649895162
1.923818010367046
1.968382666918472
1.996216591638204
2.45715795948176
2.290797528388619
2.630836601920198
1.365005424448052
1.282408323089145
1.91672370385805
2.275017550966123
2.71650385324862
2.208010625897181
2.220815037141819
1.692701606782201
2.025662778792468
2.489236269538313
2.564150349075129
1.930272533513692
2.551067291364685
1.21128720797851
1.975417586983543
1.306818651800575
1.630658082045714
2.21552106405037
1.79018986047786
2.415761976307957
1.82302209942583
2.056890349057705
2.203523185409128
2.116822509074654
2.185374608889949
1.577186685878249
1.479419773482302
2.305810349951281
1.968232732134411
2.047477700442009
1.463072281602237
2.637219753683706
2.004974705224749
2.128400437878678
2.087687404973408
1.764300888430433
0.9562348197063033
1.98002512571663
2.024120642931896
2.002718222283699
1.723820706117497
2.435354234357245
1.995931442308842
1.508673589552195
1.385432481532697
2.835134942392995
1.966678973363086
2.021986258867227
1.64707909078394
1.603892253847176
2.237614985311311
1026
1023
13
2
30
2
254
1026
1
262153
2
x1
526
120
2.514222192555843
1.749221094715057
1.570670440428688
1.958123596764838
1.894204325840566
1.674507482494242
1.345175578511243
1.613273511021464
1.572738604368317
1.361537911695224
2.547669978715988
2.146425876245396
1.557163166117434
1.938619411503539
1.335943060003161
1.505940452797421
2.18698455700327
2.018025225096959
2.012418215985295
1.635131307419148
1.605263213682969
2.10038601483168
1.560008178839227
2.680402314251521
2.355270245791746
2.309834024837361
1.443446942061601
2.28707206758905
2.048426421952871
2.099250250693776
4.263982152216776
3.897885994827436
4.364142603189031
4.277986171340245
3.527845720928616
3.875279101865521
4.346413332683772
3.23427799262384
4.151200798278818
4.069381371888989
3.788943104420266
3.758148473548236
4.099270674957031
4.073227673051299
4.356132493463511
4.030558449257287
4.286078301706503
4.295558986711253
3.827325396967886
4.090974341590107
3.805146688339099
4.273760363831971
3.49445079172734
3.439236394836146
4.027714527304747
3.182298747091992
4.172828807728226
4.077337919994172
4.409197402188504
4.57781914293829
1.945228805005267
2.075600970049678
2.547727312239529
1.884969346899863
2.004143545681167
1.865020540935103
1.530680747472161
1.634177394671323
2.522290442858602
1.76595199751172
2.056508371141401
1.973889112957006
2.401306303839084
1.625784514220803
2.390847125296172
2.589534907968345
1.915042882311503
1.754443468968878
1.674358765028542
2.129262453812202
2.949849213333121
2.046512645759988
2.060252924004412
1.968495809111041
1.927422396378045
3.137979381576376
1.320646122705248
1.342742071965078
1.868024965605819
1.739203094089977
3.386196417918678
4.213256870204588
3.876104971558474
3.911391087169127
3.454310185651337
4.132503199708127
4.959143177268651
3.491360077183679
2.960607457273692
4.269485776278763
3.839041967594341
3.447362119998342
4.066384779843577
3.732819650182389
3.842914347843585
3.745543114142311
4.640186464173969
4.159256540635955
3.868099324008317
4.001302494653077
3.98285722547901
4.172697105946473
4.293330268828467
4.034217638430906
3.768424040757588
3.814920786654666
4.642950429167945
3.994888003797872
4.517755593888454
4.337176743137737
1026
1023
13
2
60
2
254
1026
1
262153
2
x2
526
120
2.234165362886734
2.422892002792274
1.776559564195293
2.65129891950609
2.637965999265814
1.95660789099349
1.833871407434518
1.797424959513271
1.746356506674634
2.248845690019079
2.136293949670757
2.038629194510439
2.219671116012275
1.948327408495226
2.23726547664201
2.625897460701483
1.527647726520785
2.218544744451098
2.308617769684843
2.127402645115366
1.738917004994901
2.174269842169331
2.043496862890758
2.844419978227638
2.053246913140336
2.105860461244532
1.921667464069173
2.679247045835777
2.585279791303378
2.265777962757349
4.148458466677091
4.441740619877901
4.1259993226065
4.949861091086866
3.744507692843597
4.947478516600106
3.178546477659154
3.436152545034623
4.85030841136432
4.219399120594044
4.428188421262607
3.699439307585294
3.988682273831647
4.129358995566937
4.016044679902867
4.046899304387103
3.636383654756124
3.563269015059977
3.850092211403519
4.905904486442475
3.987413862774482
3.852066622487009
4.574778315653843
3.52004948107766
4.030752690978
4.759263685035605
4.251690350750596
3.873986178959689
4.695898799730509
4.178190789161059
3.270600103335231
3.997642043257717
3.716405352883712
4.305237418112065
3.277454108015441
3.154152424266388
3.726852783301335
4.547106850945654
4.016314914377282
3.276825144206917
4.279676280108218
4.222929379158032
4.222811746684318
4.312404082236198
3.481483363051482
3.591995564251529
3.912083860956145
4.118293906218949
4.917250599706028
3.579938254830992
4.08078939987308
4.419988387740148
4.355534802845669
3.932542382601771
2.811963554345839
3.561362325049445
3.821285740011677
3.659960862095183
3.788230840460149
4.732294569246156
2.057343729981669
1.538813157917094
2.564681537191103
2.630817744104696
2.189880423545745
2.227002328901028
2.068226598143261
1.820385515426055
2.763797562606135
1.77701949413565
2.514068991171488
2.341503853527444
2.034209802553814
2.355559421105132
2.864137595142747
2.390363628691799
1.667751817659839
2.214422190124284
2.201130588949967
1.683095314969888
1.845075585338406
2.226299516679283
2.215889573740034
2.442880245682219
1.741546005402237
2.010435327408702
1.929148582393036
2.264049542951171
2.339166501619091
1.335499213080434
1026
1023
13
2
60
2
254
1026
1
262153
2
nc
14
1
30
1026
1
262153
4
Y2_t
526
60
1
1
1
1
1
1
1
1
1
1
1
1
1
1
1
1
1
1
1
1
1
1
1
1
1
1
1
1
1
1
1
1
1
1
1
1
1
1
1
1
1
1
1
1
1
1
1
1
1
1
1
1
1
1
1
1
1
1
1
1
1026
1023
13
2
60
1
254
1026
1
262153
1
N
14
1
60
1026
1
262153
2
Y1
526
60
-1
-1
-1
-1
-1
-1
-1
-1
-1
-1
-1
-1
-1
-1
-1
-1
-1
-1
-1
-1
-1
-1
-1
-1
-1
-1
-1
-1
-1
-1
-1
-1
-1
-1
-1
-1
-1
-1
-1
-1
-1
-1
-1
-1
-1
-1
-1
-1
-1
-1
-1
-1
-1
-1
-1
-1
-1
-1
-1
-1
1026
1023
13
2
60
1
254
1026
1
262153
2
Y2
526
60
1
1
1
1
1
1
1
1
1
1
1
1
1
1
1
1
1
1
1
1
1
1
1
1
1
1
1
1
1
1
1
1
1
1
1
1
1
1
1
1
1
1
1
1
1
1
1
1
1
1
1
1
1
1
1
1
1
1
1
1
1026
1023
13
2
60
1
254
1026
1
262153
4
Y1_t
526
60
-1
-1
-1
-1
-1
-1
-1
-1
-1
-1
-1
-1
-1
-1
-1
-1
-1
-1
-1
-1
-1
-1
-1
-1
-1
-1
-1
-1
-1
-1
-1
-1
-1
-1
-1
-1
-1
-1
-1
-1
-1
-1
-1
-1
-1
-1
-1
-1
-1
-1
-1
-1
-1
-1
-1
-1
-1
-1
-1
-1
1026
1023
13
2
60
1
254
1026
1
262153
1
X
526
240
2.514222192555843
1.749221094715057
1.570670440428688
1.958123596764838
1.894204325840566
1.674507482494242
1.345175578511243
1.613273511021464
1.572738604368317
1.361537911695224
2.547669978715988
2.146425876245396
1.557163166117434
1.938619411503539
1.335943060003161
1.505940452797421
2.18698455700327
2.018025225096959
2.012418215985295
1.635131307419148
1.605263213682969
2.10038601483168
1.560008178839227
2.680402314251521
2.355270245791746
2.309834024837361
1.443446942061601
2.28707206758905
2.048426421952871
2.099250250693776
4.263982152216776
3.897885994827436
4.364142603189031
4.277986171340245
3.527845720928616
3.875279101865521
4.346413332683772
3.23427799262384
4.151200798278818
4.069381371888989
3.788943104420266
3.758148473548236
4.099270674957031
4.073227673051299
4.356132493463511
4.030558449257287
4.286078301706503
4.295558986711253
3.827325396967886
4.090974341590107
3.805146688339099
4.273760363831971
3.49445079172734
3.439236394836146
4.027714527304747
3.182298747091992
4.172828807728226
4.077337919994172
4.409197402188504
4.57781914293829
2.234165362886734
2.422892002792274
1.776559564195293
2.65129891950609
2.637965999265814
1.95660789099349
1.833871407434518
1.797424959513271
1.746356506674634
2.248845690019079
2.136293949670757
2.038629194510439
2.219671116012275
1.948327408495226
2.23726547664201
2.625897460701483
1.527647726520785
2.218544744451098
2.308617769684843
2.127402645115366
1.738917004994901
2.174269842169331
2.043496862890758
2.844419978227638
2.053246913140336
2.105860461244532
1.921667464069173
2.679247045835777
2.585279791303378
2.265777962757349
4.148458466677091
4.441740619877901
4.1259993226065
4.949861091086866
3.744507692843597
4.947478516600106
3.178546477659154
3.436152545034623
4.85030841136432
4.219399120594044
4.428188421262607
3.699439307585294
3.988682273831647
4.129358995566937
4.016044679902867
4.046899304387103
3.636383654756124
3.563269015059977
3.850092211403519
4.905904486442475
3.987413862774482
3.852066622487009
4.574778315653843
3.52004948107766
4.030752690978
4.759263685035605
4.251690350750596
3.873986178959689
4.695898799730509
4.178190789161059
1.945228805005267
2.075600970049678
2.547727312239529
1.884969346899863
2.004143545681167
1.865020540935103
1.530680747472161
1.634177394671323
2.522290442858602
1.76595199751172
2.056508371141401
1.973889112957006
2.401306303839084
1.625784514220803
2.390847125296172
2.589534907968345
1.915042882311503
1.754443468968878
1.674358765028542
2.129262453812202
2.949849213333121
2.046512645759988
2.060252924004412
1.968495809111041
1.927422396378045
3.137979381576376
1.320646122705248
1.342742071965078
1.868024965605819
1.739203094089977
3.386196417918678
4.213256870204588
3.876104971558474
3.911391087169127
3.454310185651337
4.132503199708127
4.959143177268651
3.491360077183679
2.960607457273692
4.269485776278763
3.839041967594341
3.447362119998342
4.066384779843577
3.732819650182389
3.842914347843585
3.745543114142311
4.640186464173969
4.159256540635955
3.868099324008317
4.001302494653077
3.98285722547901
4.172697105946473
4.293330268828467
4.034217638430906
3.768424040757588
3.814920786654666
4.642950429167945
3.994888003797872
4.517755593888454
4.337176743137737
3.270600103335231
3.997642043257717
3.716405352883712
4.305237418112065
3.277454108015441
3.154152424266388
3.726852783301335
4.547106850945654
4.016314914377282
3.276825144206917
4.279676280108218
4.222929379158032
4.222811746684318
4.312404082236198
3.481483363051482
3.591995564251529
3.912083860956145
4.118293906218949
4.917250599706028
3.579938254830992
4.08078939987308
4.419988387740148
4.355534802845669
3.932542382601771
2.811963554345839
3.561362325049445
3.821285740011677
3.659960862095183
3.788230840460149
4.732294569246156
2.057343729981669
1.538813157917094
2.564681537191103
2.630817744104696
2.189880423545745
2.227002328901028
2.068226598143261
1.820385515426055
2.763797562606135
1.77701949413565
2.514068991171488
2.341503853527444
2.034209802553814
2.355559421105132
2.864137595142747
2.390363628691799
1.667751817659839
2.214422190124284
2.201130588949967
1.683095314969888
1.845075585338406
2.226299516679283
2.215889573740034
2.442880245682219
1.741546005402237
2.010435327408702
1.929148582393036
2.264049542951171
2.339166501619091
1.335499213080434
1026
1023
13
2
120
2
254
1026
1
262153
1
Y
526
120
-1
-1
-1
-1
-1
-1
-1
-1
-1
-1
-1
-1
-1
-1
-1
-1
-1
-1
-1
-1
-1
-1
-1
-1
-1
-1
-1
-1
-1
-1
-1
-1
-1
-1
-1
-1
-1
-1
-1
-1
-1
-1
-1
-1
-1
-1
-1
-1
-1
-1
-1
-1
-1
-1
-1
-1
-1
-1
-1
-1
1
1
1
1
1
1
1
1
1
1
1
1
1
1
1
1
1
1
1
1
1
1
1
1
1
1
1
1
1
1
1
1
1
1
1
1
1
1
1
1
1
1
1
1
1
1
1
1
1
1
1
1
1
1
1
1
1
1
1
1
1026
1023
13
2
120
1
254
1026
1
262153
5
xc4_t
526
60
3.457030396679694
4.331393872362554
3.573351910005488
3.531636959981391
3.914755213692494
4.24757974822657
4.621090985322734
3.658511943789582
3.920858349026284
3.752003035792979
4.515123006573964
3.873080300232657
4.060838098478104
4.024622856332699
4.262876608455314
3.873711792837359
4.250384032986945
3.466249262913768
4.134791505439768
3.797676006907351
4.087594679519447
3.49983346725621
4.369390146654
3.57303267190678
4.359171888514972
4.182772009850233
3.847944343840398
4.199850693191796
4.475814419715221
4.057601269103951
2.299890630217735
2.313745001694262
1.950181275897544
2.018091424522577
2.035486545124706
2.129612028119447
2.613550781612638
1.71813233772271
2.252268725126356
1.687770218371313
2.133912121052776
2.378109586590202
1.891299805747882
1.977318169518645
2.236960927385137
2.176921756529535
1.749512091770903
2.634120876774689
2.28270469928742
1.708925527870378
2.224797977511323
1.727584468192614
2.498020319445173
2.10901663734691
1.48985155060678
2.000962575597174
2.100783085789295
2.446089185481807
2.104309178536298
2.408603317143625
1026
1023
13
2
30
2
254
1026
1
262153
3
Y_t
526
120
-1
-1
-1
-1
-1
-1
-1
-1
-1
-1
-1
-1
-1
-1
-1
-1
-1
-1
-1
-1
-1
-1
-1
-1
-1
-1
-1
-1
-1
-1
-1
-1
-1
-1
-1
-1
-1
-1
-1
-1
-1
-1
-1
-1
-1
-1
-1
-1
-1
-1
-1
-1
-1
-1
-1
-1
-1
-1
-1
-1
1
1
1
1
1
1
1
1
1
1
1
1
1
1
1
1
1
1
1
1
1
1
1
1
1
1
1
1
1
1
1
1
1
1
1
1
1
1
1
1
1
1
1
1
1
1
1
1
1
1
1
1
1
1
1
1
1
1
1
1
1026
1023
13
2
120
1
254
1026
1
262153
3
xc1
526
60
2.514222192555843
1.749221094715057
1.570670440428688
1.958123596764838
1.894204325840566
1.674507482494242
1.345175578511243
1.613273511021464
1.572738604368317
1.361537911695224
2.547669978715988
2.146425876245396
1.557163166117434
1.938619411503539
1.335943060003161
1.505940452797421
2.18698455700327
2.018025225096959
2.012418215985295
1.635131307419148
1.605263213682969
2.10038601483168
1.560008178839227
2.680402314251521
2.355270245791746
2.309834024837361
1.443446942061601
2.28707206758905
2.048426421952871
2.099250250693776
1.945228805005267
2.075600970049678
2.547727312239529
1.884969346899863
2.004143545681167
1.865020540935103
1.530680747472161
1.634177394671323
2.522290442858602
1.76595199751172
2.056508371141401
1.973889112957006
2.401306303839084
1.625784514220803
2.390847125296172
2.589534907968345
1.915042882311503
1.754443468968878
1.674358765028542
2.129262453812202
2.949849213333121
2.046512645759988
2.060252924004412
1.968495809111041
1.927422396378045
3.137979381576376
1.320646122705248
1.342742071965078
1.868024965605819
1.739203094089977
1026
1023
13
2
30
2
254
1026
1
262153
3
xc2
526
60
4.263982152216776
3.897885994827436
4.364142603189031
4.277986171340245
3.527845720928616
3.875279101865521
4.346413332683772
3.23427799262384
4.151200798278818
4.069381371888989
3.788943104420266
3.758148473548236
4.099270674957031
4.073227673051299
4.356132493463511
4.030558449257287
4.286078301706503
4.295558986711253
3.827325396967886
4.090974341590107
3.805146688339099
4.273760363831971
3.49445079172734
3.439236394836146
4.027714527304747
3.182298747091992
4.172828807728226
4.077337919994172
4.409197402188504
4.57781914293829
3.386196417918678
4.213256870204588
3.876104971558474
3.911391087169127
3.454310185651337
4.132503199708127
4.959143177268651
3.491360077183679
2.960607457273692
4.269485776278763
3.839041967594341
3.447362119998342
4.066384779843577
3.732819650182389
3.842914347843585
3.745543114142311
4.640186464173969
4.159256540635955
3.868099324008317
4.001302494653077
3.98285722547901
4.172697105946473
4.293330268828467
4.034217638430906
3.768424040757588
3.814920786654666
4.642950429167945
3.994888003797872
4.517755593888454
4.337176743137737
1026
1023
13
2
30
2
254
1026
1
262153
3
xc3
526
60
2.234165362886734
2.422892002792274
1.776559564195293
2.65129891950609
2.637965999265814
1.95660789099349
1.833871407434518
1.797424959513271
1.746356506674634
2.248845690019079
2.136293949670757
2.038629194510439
2.219671116012275
1.948327408495226
2.23726547664201
2.625897460701483
1.527647726520785
2.218544744451098
2.308617769684843
2.127402645115366
1.738917004994901
2.174269842169331
2.043496862890758
2.844419978227638
2.053246913140336
2.105860461244532
1.921667464069173
2.679247045835777
2.585279791303378
2.265777962757349
3.270600103335231
3.997642043257717
3.716405352883712
4.305237418112065
3.277454108015441
3.154152424266388
3.726852783301335
4.547106850945654
4.016314914377282
3.276825144206917
4.279676280108218
4.222929379158032
4.222811746684318
4.312404082236198
3.481483363051482
3.591995564251529
3.912083860956145
4.118293906218949
4.917250599706028
3.579938254830992
4.08078939987308
4.419988387740148
4.355534802845669
3.932542382601771
2.811963554345839
3.561362325049445
3.821285740011677
3.659960862095183
3.788230840460149
4.732294569246156
1026
1023
13
2
30
2
254
1026
1
262153
3
xc4
526
60
4.148458466677091
4.441740619877901
4.1259993226065
4.949861091086866
3.744507692843597
4.947478516600106
3.178546477659154
3.436152545034623
4.85030841136432
4.219399120594044
4.428188421262607
3.699439307585294
3.988682273831647
4.129358995566937
4.016044679902867
4.046899304387103
3.636383654756124
3.563269015059977
3.850092211403519
4.905904486442475
3.987413862774482
3.852066622487009
4.574778315653843
3.52004948107766
4.030752690978
4.759263685035605
4.251690350750596
3.873986178959689
4.695898799730509
4.178190789161059
2.057343729981669
1.538813157917094
2.564681537191103
2.630817744104696
2.189880423545745
2.227002328901028
2.068226598143261
1.820385515426055
2.763797562606135
1.77701949413565
2.514068991171488
2.341503853527444
2.034209802553814
2.355559421105132
2.864137595142747
2.390363628691799
1.667751817659839
2.214422190124284
2.201130588949967
1.683095314969888
1.845075585338406
2.226299516679283
2.215889573740034
2.442880245682219
1.741546005402237
2.010435327408702
1.929148582393036
2.264049542951171
2.339166501619091
1.335499213080434
1026
1023
13
2
30
2
254
1026
1
262153
1
s
14
1
0.4
1026
1
262153
5
xc3_t
526
60
2.248862775334031
2.270396197063532
1.620873141997394
1.78862019037298
1.713014322138725
2.654613467694571
1.450155399988069
1.900503674666826
1.949573384213851
1.498833127110236
1.928747969924007
2.74946051644874
1.903129558632681
2.452576182700738
2.024955482913639
1.908798945080014
2.36020775351427
2.025538541877989
1.154182805186382
1.945050929257725
1.634408532546284
1.924513910993678
1.890051722314058
2.425787532708889
1.780392736792718
1.717793110720589
2.014109266299817
1.873313018302678
1.988898865858681
2.02998837303454
3.32206632604801
3.660366671014422
3.999317872519723
3.962639758978843
3.84733098028097
3.7271667192856
3.856474438740693
4.626802407407003
4.28721261628488
4.634359956326819
4.343986795109016
4.066229959447087
3.959594230786044
4.393359303947522
3.956491901261378
4.067231590812809
4.537352679189387
3.496004239881652
4.157512870358894
3.733566704933812
4.363326057528592
4.316811321934791
4.3132377240984
4.037406513876286
4.435755762584779
3.159207853170707
3.98292755088074
4.08178794484493
3.971223135881839
3.943230844722719
1026
1023
13
2
30
2
254
1026
1
262153
3
X_t
526
240
1.269015243044088
2.572274668241901
2.412290649895162
1.923818010367046
1.968382666918472
1.996216591638204
2.45715795948176
2.290797528388619
2.630836601920198
1.365005424448052
1.282408323089145
1.91672370385805
2.275017550966123
2.71650385324862
2.208010625897181
2.220815037141819
1.692701606782201
2.025662778792468
2.489236269538313
2.564150349075129
1.930272533513692
2.551067291364685
1.21128720797851
1.975417586983543
1.306818651800575
1.630658082045714
2.21552106405037
1.79018986047786
2.415761976307957
1.82302209942583
3.871927972830628
4.247178847033624
3.520945116759518
4.42654837762813
3.706091821094137
4.061312227012943
3.597519170777701
4.201593010554001
3.761594414559952
4.41271898615408
3.814787700783813
3.480700424389432
4.534611846394792
4.216183693328091
4.174202473196433
3.845639061213718
3.503869680723249
4.138672490424039
4.082677003042799
3.937624653109931
4.078547423153083
3.70700088318049
4.311031015188146
3.843020104858668
4.022779711243455
4.66658711146355
3.648461694055525
4.761987730105376
4.08422333539143
4.076677879812391
2.248862775334031
2.270396197063532
1.620873141997394
1.78862019037298
1.713014322138725
2.654613467694571
1.450155399988069
1.900503674666826
1.949573384213851
1.498833127110236
1.928747969924007
2.74946051644874
1.903129558632681
2.452576182700738
2.024955482913639
1.908798945080014
2.36020775351427
2.025538541877989
1.154182805186382
1.945050929257725
1.634408532546284
1.924513910993678
1.890051722314058
2.425787532708889
1.780392736792718
1.717793110720589
2.014109266299817
1.873313018302678
1.988898865858681
2.02998837303454
3.457030396679694
4.331393872362554
3.573351910005488
3.531636959981391
3.914755213692494
4.24757974822657
4.621090985322734
3.658511943789582
3.920858349026284
3.752003035792979
4.515123006573964
3.873080300232657
4.060838098478104
4.024622856332699
4.262876608455314
3.873711792837359
4.250384032986945
3.466249262913768
4.134791505439768
3.797676006907351
4.087594679519447
3.49983346725621
4.369390146654
3.57303267190678
4.359171888514972
4.182772009850233
3.847944343840398
4.199850693191796
4.475814419715221
4.057601269103951
2.056890349057705
2.203523185409128
2.116822509074654
2.185374608889949
1.577186685878249
1.479419773482302
2.305810349951281
1.968232732134411
2.047477700442009
1.463072281602237
2.637219753683706
2.004974705224749
2.128400437878678
2.087687404973408
1.764300888430433
0.9562348197063033
1.98002512571663
2.024120642931896
2.002718222283699
1.723820706117497
2.435354234357245
1.995931442308842
1.508673589552195
1.385432481532697
2.835134942392995
1.966678973363086
2.021986258867227
1.64707909078394
1.603892253847176
2.237614985311311
4.186773669491354
3.917896442183492
4.485572967874041
3.649427746215937
4.635702875536096
4.349266261745623
3.450376898674621
4.324440468696662
4.290747705645091
4.195861774537802
4.838847257495507
4.541405554163045
4.288921618520557
4.005146474115183
4.154685792027671
3.828513477257674
3.714759458966973
3.153163806792991
3.648499658785094
4.067312184033328
4.578424703853705
4.755909837484881
3.810449988588594
4.182800440476486
4.037757011616852
3.801425860904409
4.230307906348688
4.371965887793519
3.978306378272891
3.605322019146638
3.32206632604801
3.660366671014422
3.999317872519723
3.962639758978843
3.84733098028097
3.7271667192856
3.856474438740693
4.626802407407003
4.28721261628488
4.634359956326819
4.343986795109016
4.066229959447087
3.959594230786044
4.393359303947522
3.956491901261378
4.067231590812809
4.537352679189387
3.496004239881652
4.157512870358894
3.733566704933812
4.363326057528592
4.316811321934791
4.3132377240984
4.037406513876286
4.435755762584779
3.159207853170707
3.98292755088074
4.08178794484493
3.971223135881839
3.943230844722719
2.299890630217735
2.313745001694262
1.950181275897544
2.018091424522577
2.035486545124706
2.129612028119447
2.613550781612638
1.71813233772271
2.252268725126356
1.687770218371313
2.133912121052776
2.378109586590202
1.891299805747882
1.977318169518645
2.236960927385137
2.176921756529535
1.749512091770903
2.634120876774689
2.28270469928742
1.708925527870378
2.224797977511323
1.727584468192614
2.498020319445173
2.10901663734691
1.48985155060678
2.000962575597174
2.100783085789295
2.446089185481807
2.104309178536298
2.408603317143625
1026
1023
13
2
120
2
254
1026
1
262153
4
x2_t
526
120
2.248862775334031
2.270396197063532
1.620873141997394
1.78862019037298
1.713014322138725
2.654613467694571
1.450155399988069
1.900503674666826
1.949573384213851
1.498833127110236
1.928747969924007
2.74946051644874
1.903129558632681
2.452576182700738
2.024955482913639
1.908798945080014
2.36020775351427
2.025538541877989
1.154182805186382
1.945050929257725
1.634408532546284
1.924513910993678
1.890051722314058
2.425787532708889
1.780392736792718
1.717793110720589
2.014109266299817
1.873313018302678
1.988898865858681
2.02998837303454
3.457030396679694
4.331393872362554
3.573351910005488
3.531636959981391
3.914755213692494
4.24757974822657
4.621090985322734
3.658511943789582
3.920858349026284
3.752003035792979
4.515123006573964
3.873080300232657
4.060838098478104
4.024622856332699
4.262876608455314
3.873711792837359
4.250384032986945
3.466249262913768
4.134791505439768
3.797676006907351
4.087594679519447
3.49983346725621
4.369390146654
3.57303267190678
4.359171888514972
4.182772009850233
3.847944343840398
4.199850693191796
4.475814419715221
4.057601269103951
3.32206632604801
3.660366671014422
3.999317872519723
3.962639758978843
3.84733098028097
3.7271667192856
3.856474438740693
4.626802407407003
4.28721261628488
4.634359956326819
4.343986795109016
4.066229959447087
3.959594230786044
4.393359303947522
3.956491901261378
4.067231590812809
4.537352679189387
3.496004239881652
4.157512870358894
3.733566704933812
4.363326057528592
4.316811321934791
4.3132377240984
4.037406513876286
4.435755762584779
3.159207853170707
3.98292755088074
4.08178794484493
3.971223135881839
3.943230844722719
2.299890630217735
2.313745001694262
1.950181275897544
2.018091424522577
2.035486545124706
2.129612028119447
2.613550781612638
1.71813233772271
2.252268725126356
1.687770218371313
2.133912121052776
2.378109586590202
1.891299805747882
1.977318169518645
2.236960927385137
2.176921756529535
1.749512091770903
2.634120876774689
2.28270469928742
1.708925527870378
2.224797977511323
1.727584468192614
2.498020319445173
2.10901663734691
1.48985155060678
2.000962575597174
2.100783085789295
2.446089185481807
2.104309178536298
2.408603317143625
1026
1023
13
2
60
2
254
1026
1
262153
5
xc2_t
526
60
3.871927972830628
4.247178847033624
3.520945116759518
4.42654837762813
3.706091821094137
4.061312227012943
3.597519170777701
4.201593010554001
3.761594414559952
4.41271898615408
3.814787700783813
3.480700424389432
4.534611846394792
4.216183693328091
4.174202473196433
3.845639061213718
3.503869680723249
4.138672490424039
4.082677003042799
3.937624653109931
4.078547423153083
3.70700088318049
4.311031015188146
3.843020104858668
4.022779711243455
4.66658711146355
3.648461694055525
4.761987730105376
4.08422333539143
4.076677879812391
4.186773669491354
3.917896442183492
4.485572967874041
3.649427746215937
4.635702875536096
4.349266261745623
3.450376898674621
4.324440468696662
4.290747705645091
4.195861774537802
4.838847257495507
4.541405554163045
4.288921618520557
4.005146474115183
4.154685792027671
3.828513477257674
3.714759458966973
3.153163806792991
3.648499658785094
4.067312184033328
4.578424703853705
4.755909837484881
3.810449988588594
4.182800440476486
4.037757011616852
3.801425860904409
4.230307906348688
4.371965887793519
3.978306378272891
3.605322019146638
1026
1023
13
2
30
2
254
254
